-1.361231
0.000000 0.000000 0.000000 0.000000 0.000000 0.000000 0.000000 0.000000 0.000000 0.000000 0.000000 0.000000 0.000000 0.000000 0.000000 0.000000 0.000000 0.000000 0.000000 0.000000 0.000000 0.000000 0.000000 0.000000 0.000000 0.000000 0.000000 0.000000 0.000000 0.000000 0.000000 0.000000 0.000000 0.000000 0.000000 0.000000 1.000000 0.000000 0.000000 0.000000 0.000000 0.000000 1.000000 0.000000 0.000000 0.000000 0.000000 0.000000 0.000000 0.000000 0.000000 0.000000 0.000000 0.000000 
0.000000 0.000000 0.000000 0.000000 0.000000 0.000000 1.000000 1.000000 0.000000 1.000000 0.000000 0.000000 0.000000 0.000000 0.000000 1.000000 0.000000 1.000000 0.000000 0.000000 1.000000 0.000000 0.000000 0.000000 0.000000 0.000000 0.000000 0.000000 0.000000 1.000000 1.000000 0.000000 0.000000 1.000000 0.000000 0.000000 1.000000 0.000000 0.000000 0.000000 0.000000 0.000000 1.000000 1.000000 0.000000 0.000000 0.000000 1.000000 0.000000 1.000000 0.000000 1.000000 0.000000 0.000000 
0.198769
0.000104 -0.000629 -0.000039 -0.000447 -0.001089 0.000702 
0.000650 -0.005885 -0.000265 -0.007443 -0.008191 0.007360 
0.005052 -0.061907 -0.004034 -0.034937 -0.066215 0.044750 
0.000002 0.000017 -0.000141 -0.000008 -0.000006 -0.000155 -0.000153 -0.000195 -0.000012 
-0.000013 -0.000074 -0.000196 -0.000243 -0.000351 -0.000212 -0.000231 -0.000069 0.000089 
0.000001 0.000001 0.000008 0.000008 -0.000070 -0.000070 -0.000004 -0.000004 -0.000003 -0.000003 -0.000078 -0.000078 -0.000076 -0.000076 -0.000097 -0.000097 -0.000006 -0.000006 
-0.000006 -0.000006 -0.000037 -0.000037 -0.000098 -0.000098 -0.000122 -0.000122 -0.000176 -0.000176 -0.000106 -0.000106 -0.000116 -0.000116 -0.000034 -0.000034 0.000045 0.000045 
0.000000 0.000000 0.000000 0.000000 -0.000000 -0.000001 -0.000002 -0.000003 -0.000003 -0.000001 -0.000004 -0.000003 -0.000003 -0.000005 -0.000006 -0.000007 -0.000009 -0.000009 -0.000008 -0.000006 -0.000007 -0.000006 -0.000001 -0.000001 
-0.000000 -0.000000 -0.000000 -0.000000 -0.000001 -0.000002 -0.000003 -0.000005 -0.000008 -0.000010 -0.000012 -0.000013 -0.000015 -0.000016 -0.000014 -0.000012 -0.000010 -0.000010 -0.000007 -0.000004 0.000000 0.000006 0.000006 0.000002 



0.328502 0.328628 0.328678 0.242233 0.242279 0.242349 
0.114619 0.322358 0.317989 0.046969 0.232751 0.159483 
0.059924 0.270690 0.181486 0.152381 0.268256 -0.035459 
0.303085 0.303085 0.303085 0.303085 0.303276 0.304646 0.305837 0.306273 0.305595 
0.125214 0.125889 0.123747 0.123328 0.125829 0.126196 0.125333 0.125703 0.127591 
0.303085 0.303085 0.303085 0.303085 0.303085 0.303085 0.303085 0.303085 0.303085 0.303466 0.304684 0.304607 0.304893 0.306780 0.306665 0.305881 0.305839 0.305350 
0.125515 0.124913 0.125836 0.125942 0.124216 0.123279 0.122790 0.123866 0.125074 0.126583 0.126803 0.125588 0.125344 0.125322 0.125453 0.125952 0.127934 0.127248 
0.119969 0.119969 0.119969 0.119969 0.119969 0.119969 0.119969 0.119969 0.119969 0.119969 0.119969 0.119969 0.119969 0.119969 0.119969 0.119969 0.119969 0.119969 0.119969 0.119969 0.119969 0.119969 0.119969 0.119969 0.119969 0.119969 0.119969 0.119969 0.119969 0.119969 0.122027 0.139625 0.159966 0.163155 0.144732 0.144868 0.138076 0.139625 0.159966 0.163155 0.144732 0.144868 0.136018 0.119969 0.119969 0.119969 0.119969 0.119969 
0.118895 0.125344 0.111630 0.150317 0.108722 0.168378 0.136069 0.124567 0.111642 0.142256 0.081274 0.149250 0.082341 0.131562 0.156778 0.131016 0.141997 0.099253 0.101206 0.111642 0.098186 0.074825 0.074825 0.118895 0.125344 0.111630 0.106247 0.146342 0.144472 0.165358 0.143322 0.107655 0.141997 0.099253 0.101206 0.111642 0.142256 0.125344 0.111630 0.106247 0.102272 0.182092 0.141452 0.172611 0.082341 0.175631 0.119157 0.154923 



0.112340
0.174291
0.173341
0.302301
0.279980
0.137591
0.014405
0.163528
0.257717
0.184667
0.007465
0.212489
0.045145
0.308488
0.034029
0.075522
0.164167
0.248229
0.074247
0.090051
0.245680
0.002863
0.018266
0.107990
0.038238
0.285358
0.307819
0.068514
0.021407
0.226080
0.017973
0.056685
0.292494
0.286584
0.300786
0.028943
0.130587
0.136551
0.280637
0.173691
0.197657
0.127000
0.210047
0.147747
0.284045
0.048574
0.028972
0.166061
0.155512
0.216151
0.096819
0.058147
0.199321
0.114341
0.264663
0.090068
0.116854
0.098563
0.189492
0.054662
0.228877
0.091382
0.017668
0.097394
0.005384
0.186492
0.041885
0.078902
0.215045
0.072449
0.124018
0.008422
0.055603
0.017821
0.142627
-0.014566
0.250664
0.043027
0.288064
0.159710
0.138464
0.243790
0.215249
0.259407
0.271637
0.040443
0.109354
0.075813
0.003110
0.177256
-0.019778
0.062110
0.013659
0.108194
0.159813
0.009784
0.173365
0.119815
0.014512
0.306234
0.048689
0.155999
0.006981
0.005918
0.254532
0.243520
0.227887
0.289635
0.053413
0.186190
-0.132594
0.301183
0.090232
0.096562
0.024223
-0.316835
-0.023902
-0.178798
-0.338456
0.225841
0.119969
0.074825
0.287117
0.110987
0.276288
0.223077
0.069558
0.282324
0.278354
0.017589
0.206971
0.135580
0.021258
0.253004
0.170543
0.134349
0.237020
-0.048840
-1.360448
