0.112340
0.174291
0.173341
0.302301
0.279980
0.137591
0.014405
0.163528
0.257717
0.184667
0.007465
0.212489
0.045145
0.308488
0.034029
0.075522
0.164167
0.248229
0.074247
0.090051
0.245680
0.002863
0.018266
0.107990
0.038238
0.285358
0.307819
0.068514
0.021407
0.226080
0.017973
0.056685
0.292494
0.286584
0.300786
0.028943
0.130587
0.136551
0.280637
0.173691
0.197657
0.127000
0.210047
0.147747
0.284045
0.048574
0.028972
0.166061
0.155512
0.216151
0.096819
0.058147
0.199321
0.114341
0.264663
0.090068
0.116854
0.098563
0.189492
0.054662
0.228877
0.091382
0.017668
0.097394
0.005384
0.186492
0.041885
0.078902
0.215045
0.072449
0.124018
0.008422
0.055603
0.017821
0.142627
-0.014566
0.250664
0.043027
0.288064
0.159710
0.138464
0.243790
0.215249
0.259407
0.271637
0.040443
0.109354
0.075813
0.003110
0.177256
-0.019778
0.062110
0.013659
0.108194
0.159813
0.009784
0.173365
0.119815
0.014512
0.306234
0.048689
0.155999
0.006981
0.005918
0.254532
0.243520
0.227887
0.289635
0.053413
0.186190
-0.132594
0.301183
0.090232
0.096562
0.024223
-0.316835
-0.023902
-0.178798
-0.338456
0.225841
0.119969
0.074825
0.287117
0.110987
0.276288
0.223077
0.069558
0.282324
0.278354
0.017589
0.206971
0.135580
0.021258
0.253004
0.170543
0.134349
0.237020
-0.048840
-1.360448
